name: tfv1
channels:
  - conda-forge
  - defaults
dependencies:
  - _libgcc_mutex=0.1=main
  - _tflow_select=2.3.0=mkl
  - absl-py=0.9.0=py36_0
  - astor=0.8.0=py36_0
  - blas=1.0=mkl
  - bleach=1.5.0=py36_0
  - c-ares=1.15.0=h7b6447c_1001
  - ca-certificates=2019.11.28=hecc5488_0
  - certifi=2019.11.28=py36h9f0ad1d_1
  - cudatoolkit=9.0=h13b8566_0
  - cudnn=7.6.5=cuda9.0_0
  - cupti=9.0.176=0
  - gast=0.2.2=py36_0
  - google-pasta=0.1.8=py_0
  - grpcio=1.27.2=py36hf8bcb03_0
  - h5py=2.10.0=py36h7918eee_0
  - hdf5=1.10.4=hb1b8bf9_0
  - html5lib=0.9999999=py36_0
  - icu=58.2=h9c2bf20_1
  - intel-openmp=2019.4=243
  - keras-applications=1.0.8=py_0
  - keras-preprocessing=1.1.0=py_1
  - ld_impl_linux-64=2.33.1=h53a641e_7
  - libblas=3.8.0=7_h6e990d7_netlib
  - libcblas=3.8.0=7_h6e990d7_netlib
  - libedit=3.1.20181209=hc058e9b_0
  - libffi=3.2.1=hd88cf55_4
  - libgcc-ng=9.1.0=hdf63c60_0
  - libgfortran-ng=7.3.0=hdf63c60_0
  - liblapack=3.8.0=7_h6e990d7_netlib
  - libprotobuf=3.11.4=hd408876_0
  - libstdcxx-ng=9.1.0=hdf63c60_0
  - libxml2=2.9.9=hea5a465_1
  - libxslt=1.1.33=h7d1a2b0_0
  - lxml=4.5.0=py36hefd8a0e_0
  - markdown=3.1.1=py36_0
  - mkl=2018.0.3=1
  - ncurses=6.2=he6710b0_0
  - numpy=1.18.1=py36h95a1406_0
  - openssl=1.1.1d=h516909a_0
  - opt_einsum=3.1.0=py_0
  - pip=20.0.2=py36_1
  - protobuf=3.11.4=py36he6710b0_0
  - python=3.6.10=h0371630_0
  - python_abi=3.6=1_cp36m
  - readline=7.0=h7b6447c_5
  - scipy=1.4.1=py36h921218d_0
  - setuptools=46.0.0=py36_0
  - six=1.14.0=py36_0
  - sqlite=3.31.1=h7b6447c_0
  - tensorflow=1.15.0=mkl_py36h4920b83_0
  - tensorflow-gpu-base=1.5.0=py36h8a131e3_0
  - tensorflow-tensorboard=1.5.1=py36hf484d3e_1
  - termcolor=1.1.0=py36_1
  - tk=8.6.8=hbc83047_0
  - webencodings=0.5.1=py36_1
  - werkzeug=0.16.1=py_0
  - wheel=0.34.2=py36_0
  - wrapt=1.11.2=py36h7b6447c_0
  - xz=5.2.4=h14c3975_4
  - zlib=1.2.11=h7b6447c_3
  - pip:
    - backcall==0.1.0
    - cachetools==4.0.0
    - chardet==3.0.4
    - cycler==0.10.0
    - cython==0.29.15
    - decorator==4.4.2
    - easydict==1.9
    - google-auth==1.11.3
    - google-auth-oauthlib==0.4.1
    - idna==2.9
    - ipython==7.13.0
    - ipython-genutils==0.2.0
    - jedi==0.16.0
    - kiwisolver==1.1.0
    - matplotlib==3.2.1
    - mock==4.0.2
    - oauthlib==3.1.0
    - opencv-python==4.2.0.32
    - parso==0.6.2
    - pexpect==4.8.0
    - pickleshare==0.7.5
    - pillow==7.0.0
    - prompt-toolkit==3.0.4
    - ptyprocess==0.6.0
    - pyasn1==0.4.8
    - pyasn1-modules==0.2.8
    - pygments==2.6.1
    - pyparsing==2.4.6
    - python-dateutil==2.8.1
    - requests==2.23.0
    - requests-oauthlib==1.3.0
    - rsa==4.0
    - tensorboard==1.13.1
    - tensorflow-estimator==1.13.0
    - tensorflow-gpu==1.13.2
    - terminaltables==3.1.0
    - torch==1.4.0
    - torchvision==0.5.0
    - tqdm==4.43.0
    - traitlets==4.3.3
    - urllib3==1.25.8
    - wcwidth==0.1.8
prefix: /home/globus/anaconda3/envs/tfv1

